     Temperature [K]                 Eta
                  50         8.44844e-06
                 100         1.19479e-05
                 150         1.46331e-05
                 200         1.68969e-05
                 250         1.88913e-05
                 300         2.06944e-05
                 350         2.23525e-05
                 400         2.38958e-05
                 450         2.53453e-05
                 500         2.67163e-05
                 550         2.80203e-05
                 600         2.92663e-05
                 650         3.04613e-05
                 700         3.16112e-05
                 750         3.27207e-05
                 800         3.37938e-05
                 850         3.48338e-05
                 900         3.58437e-05
                 950         3.68259e-05
                1000         3.77826e-05
                1050         3.87156e-05
                1100         3.96267e-05
                1150         4.05173e-05
                1200         4.13887e-05
                1250         4.22422e-05
                1300         4.30788e-05
                1350         4.38994e-05
                1400         4.47049e-05
                1450         4.54962e-05
                1500          4.6274e-05
                1550         4.70389e-05
                1600         4.77916e-05
                1650         4.85326e-05
                1700         4.92625e-05
                1750         4.99817e-05
                1800         5.06906e-05
                1850         5.13899e-05
                1900         5.20797e-05
                1950         5.27605e-05
                2000         5.34326e-05
                2050         5.40964e-05
                2100         5.47522e-05
                2150         5.54001e-05
                2200         5.60406e-05
                2250         5.66739e-05
                2300         5.73001e-05
                2350         5.79196e-05
                2400         5.85325e-05
                2450         5.91391e-05
                2500         5.97395e-05
                2550         6.03339e-05
                2600         6.09226e-05
                2650         6.15056e-05
                2700         6.20831e-05
                2750         6.26553e-05
                2800         6.32223e-05
                2850         6.37843e-05
                2900         6.43414e-05
                2950         6.48937e-05
                3000         6.54413e-05
                3050         6.59844e-05
                3100         6.65231e-05
                3150         6.70574e-05
                3200         6.75875e-05
                3250         6.81135e-05
                3300         6.86355e-05
                3350         6.91535e-05
                3400         6.96676e-05
                3450          7.0178e-05
                3500         7.06847e-05
                3550         7.11878e-05
                3600         7.16874e-05
                3650         7.21835e-05
                3700         7.26762e-05
                3750         7.31656e-05
                3800         7.36518e-05
                3850         7.41348e-05
                3900         7.46146e-05
                3950         7.50914e-05
                4000         7.55652e-05
                4050          7.6036e-05
                4100         7.65039e-05
                4150          7.6969e-05
                4200         7.74312e-05
                4250         7.78908e-05
                4300         7.83476e-05
                4350         7.88018e-05
                4400         7.92534e-05
                4450         7.97024e-05
                4500          8.0149e-05
                4550          8.0593e-05
                4600         8.10346e-05
                4650         8.14738e-05
                4700         8.19107e-05
                4750         8.23452e-05
                4800         8.27775e-05
                4850         8.32075e-05
                4900         8.36353e-05
                4950         8.40609e-05
                5000         8.44844e-05
                5050         8.49058e-05
                5100         8.53251e-05
                5150         8.57423e-05
                5200         8.61575e-05
                5250         8.65708e-05
                5300          8.6982e-05
                5350         8.73914e-05
                5400         8.77988e-05
                5450         8.82043e-05
                5500          8.8608e-05
                5550         8.90099e-05
                5600         8.94099e-05
                5650         8.98082e-05
                5700         9.02047e-05
                5750         9.05994e-05
                5800         9.09925e-05
                5850         9.13839e-05
                5900         9.17736e-05
                5950         9.21616e-05
                6000          9.2548e-05
                6050         9.29329e-05
                6100         9.33161e-05
                6150         9.36977e-05
                6200         9.40779e-05
                6250         9.44564e-05
                6300         9.48335e-05
                6350         9.52091e-05
                6400         9.55832e-05
                6450         9.59558e-05
                6500         9.63271e-05
                6550         9.66968e-05
                6600         9.70652e-05
                6650         9.74322e-05
                6700         9.77978e-05
                6750          9.8162e-05
                6800         9.85249e-05
                6850         9.88865e-05
                6900         9.92467e-05
                6950         9.96057e-05
                7000         9.99633e-05
                7050          0.00010032
                7100         0.000100675
                7150         0.000101029
                7200         0.000101381
                7250         0.000101733
                7300         0.000102083
                7350         0.000102432
                7400          0.00010278
                7450         0.000103126
                7500         0.000103472
                7550         0.000103816
                7600         0.000104159
                7650         0.000104501
                7700         0.000104842
                7750         0.000105182
                7800         0.000105521
                7850         0.000105859
                7900         0.000106195
                7950         0.000106531
                8000         0.000106865
                8050         0.000107199
                8100         0.000107531
                8150         0.000107862
                8200         0.000108193
                8250         0.000108522
                8300         0.000108851
                8350         0.000109178
                8400         0.000109504
                8450          0.00010983
                8500         0.000110154
                8550         0.000110478
                8600           0.0001108
                8650         0.000111122
                8700         0.000111443
                8750         0.000111762
                8800         0.000112081
                8850         0.000112399
                8900         0.000112716
                8950         0.000113032
                9000         0.000113348
                9050         0.000113662
                9100         0.000113976
                9150         0.000114288
                9200           0.0001146
                9250         0.000114911
                9300         0.000115221
                9350         0.000115531
                9400         0.000115839
                9450         0.000116147
                9500         0.000116454
                9550          0.00011676
                9600         0.000117065
                9650         0.000117369
                9700         0.000117673
                9750         0.000117976
                9800         0.000118278
                9850          0.00011858
                9900          0.00011888
                9950          0.00011918
               10000         0.000119479
               10050         0.000119777
               10100         0.000120075
               10150         0.000120372
               10200         0.000120668
               10250         0.000120963
               10300         0.000121258
               10350         0.000121552
               10400         0.000121845
               10450         0.000122138
               10500          0.00012243
               10550         0.000122721
               10600         0.000123011
               10650         0.000123301
               10700          0.00012359
               10750         0.000123878
               10800         0.000124166
               10850         0.000124453
               10900          0.00012474
               10950         0.000125026
               11000         0.000125311
               11050         0.000125595
               11100         0.000125879
               11150         0.000126162
               11200         0.000126445
               11250         0.000126727
               11300         0.000127008
               11350         0.000127289
               11400         0.000127569
               11450         0.000127848
               11500         0.000128127
               11550         0.000128405
               11600         0.000128683
               11650          0.00012896
               11700         0.000129236
               11750         0.000129512
               11800         0.000129787
               11850         0.000130062
               11900         0.000130336
               11950          0.00013061
               12000         0.000130883
               12050         0.000131155
               12100         0.000131427
               12150         0.000131698
               12200         0.000131969
               12250         0.000132239
               12300         0.000132509
               12350         0.000132778
               12400         0.000133046
               12450         0.000133314
               12500         0.000133582
               12550         0.000133848
               12600         0.000134115
               12650         0.000134381
               12700         0.000134646
               12750         0.000134911
               12800         0.000135175
               12850         0.000135439
               12900         0.000135702
               12950         0.000135965
               13000         0.000136227
               13050         0.000136489
               13100          0.00013675
               13150         0.000137011
               13200         0.000137271
               13250         0.000137531
               13300          0.00013779
               13350         0.000138049
               13400         0.000138307
               13450         0.000138565
               13500         0.000138822
               13550         0.000139079
               13600         0.000139335
               13650         0.000139591
               13700         0.000139847
               13750         0.000140102
               13800         0.000140356
               13850          0.00014061
               13900         0.000140864
               13950         0.000141117
               14000         0.000141369
               14050         0.000141622
               14100         0.000141873
               14150         0.000142125
               14200         0.000142376
               14250         0.000142626
               14300         0.000142876
               14350         0.000143126
               14400         0.000143375
               14450         0.000143624
               14500         0.000143872
               14550          0.00014412
               14600         0.000144367
               14650         0.000144614
               14700         0.000144861
               14750         0.000145107
               14800         0.000145352
               14850         0.000145598
               14900         0.000145843
               14950         0.000146087
               15000         0.000146331
               15050         0.000146575
               15100         0.000146818
               15150         0.000147061
               15200         0.000147304
               15250         0.000147546
               15300         0.000147787
               15350         0.000148029
               15400          0.00014827
               15450          0.00014851
               15500          0.00014875
               15550          0.00014899
               15600         0.000149229
               15650         0.000149468
               15700         0.000149707
               15750         0.000149945
               15800         0.000150183
               15850          0.00015042
               15900         0.000150657
               15950         0.000150894
               16000          0.00015113
               16050         0.000151366
               16100         0.000151602
               16150         0.000151837
               16200         0.000152072
               16250         0.000152306
               16300         0.000152541
               16350         0.000152774
               16400         0.000153008
               16450         0.000153241
               16500         0.000153474
               16550         0.000153706
               16600         0.000153938
               16650          0.00015417
               16700         0.000154401
               16750         0.000154632
               16800         0.000154862
               16850         0.000155093
               16900         0.000155323
               16950         0.000155552
               17000         0.000155782
               17050          0.00015601
               17100         0.000156239
               17150         0.000156467
               17200         0.000156695
               17250         0.000156923
               17300          0.00015715
               17350         0.000157377
               17400         0.000157604
               17450          0.00015783
               17500         0.000158056
               17550         0.000158281
               17600         0.000158507
               17650         0.000158732
               17700         0.000158956
               17750         0.000159181
               17800         0.000159405
               17850         0.000159629
               17900         0.000159852
               17950         0.000160075
               18000         0.000160298
               18050          0.00016052
               18100         0.000160743
               18150         0.000160964
               18200         0.000161186
               18250         0.000161407
               18300         0.000161628
               18350         0.000161849
               18400         0.000162069
               18450         0.000162289
               18500         0.000162509
               18550         0.000162728
               18600         0.000162948
               18650         0.000163167
               18700         0.000163385
               18750         0.000163603
               18800         0.000163821
               18850         0.000164039
               18900         0.000164256
               18950         0.000164474
               19000          0.00016469
               19050         0.000164907
               19100         0.000165123
               19150         0.000165339
               19200         0.000165555
               19250          0.00016577
               19300         0.000165986
               19350           0.0001662
               19400         0.000166415
               19450         0.000166629
               19500         0.000166843
               19550         0.000167057
               19600         0.000167271
               19650         0.000167484
               19700         0.000167697
               19750         0.000167909
               19800         0.000168122
               19850         0.000168334
               19900         0.000168546
               19950         0.000168757
               20000         0.000168969
               20050          0.00016918
               20100         0.000169391
               20150         0.000169601
               20200         0.000169812
               20250         0.000170022
               20300         0.000170231
               20350         0.000170441
               20400          0.00017065
               20450         0.000170859
               20500         0.000171068
               20550         0.000171276
               20600         0.000171485
               20650         0.000171693
               20700           0.0001719
               20750         0.000172108
               20800         0.000172315
               20850         0.000172522
               20900         0.000172729
               20950         0.000172935
               21000         0.000173142
               21050         0.000173348
               21100         0.000173553
               21150         0.000173759
               21200         0.000173964
               21250         0.000174169
               21300         0.000174374
               21350         0.000174578
               21400         0.000174783
               21450         0.000174987
               21500         0.000175191
               21550         0.000175394
               21600         0.000175598
               21650         0.000175801
               21700         0.000176004
               21750         0.000176206
               21800         0.000176409
               21850         0.000176611
               21900         0.000176813
               21950         0.000177015
               22000         0.000177216
               22050         0.000177417
               22100         0.000177618
               22150         0.000177819
               22200          0.00017802
               22250          0.00017822
               22300          0.00017842
               22350          0.00017862
               22400          0.00017882
               22450         0.000179019
               22500         0.000179219
               22550         0.000179418
               22600         0.000179616
               22650         0.000179815
               22700         0.000180013
               22750         0.000180211
               22800         0.000180409
               22850         0.000180607
               22900         0.000180805
               22950         0.000181002
               23000         0.000181199
               23050         0.000181396
               23100         0.000181592
               23150         0.000181789
               23200         0.000181985
               23250         0.000182181
               23300         0.000182377
               23350         0.000182572
               23400         0.000182768
               23450         0.000182963
               23500         0.000183158
               23550         0.000183353
               23600         0.000183547
               23650         0.000183741
               23700         0.000183936
               23750          0.00018413
               23800         0.000184323
               23850         0.000184517
               23900          0.00018471
               23950         0.000184903
               24000         0.000185096
               24050         0.000185289
               24100         0.000185481
               24150         0.000185674
               24200         0.000185866
               24250         0.000186058
               24300         0.000186249
               24350         0.000186441
               24400         0.000186632
               24450         0.000186823
               24500         0.000187014
               24550         0.000187205
               24600         0.000187395
               24650         0.000187586
               24700         0.000187776
               24750         0.000187966
               24800         0.000188156
               24850         0.000188345
               24900         0.000188535
               24950         0.000188724
               25000         0.000188913
               25050         0.000189102
               25100          0.00018929
               25150         0.000189479
               25200         0.000189667
               25250         0.000189855
               25300         0.000190043
               25350         0.000190231
               25400         0.000190418
               25450         0.000190606
               25500         0.000190793
               25550          0.00019098
               25600         0.000191166
               25650         0.000191353
               25700         0.000191539
               25750         0.000191726
               25800         0.000191912
               25850         0.000192098
               25900         0.000192283
               25950         0.000192469
               26000         0.000192654
               26050         0.000192839
               26100         0.000193024
               26150         0.000193209
               26200         0.000193394
               26250         0.000193578
               26300         0.000193762
               26350         0.000193946
               26400          0.00019413
               26450         0.000194314
               26500         0.000194498
               26550         0.000194681
               26600         0.000194864
               26650         0.000195047
               26700          0.00019523
               26750         0.000195413
               26800         0.000195596
               26850         0.000195778
               26900          0.00019596
               26950         0.000196142
               27000         0.000196324
               27050         0.000196506
               27100         0.000196687
               27150         0.000196869
               27200          0.00019705
               27250         0.000197231
               27300         0.000197412
               27350         0.000197592
               27400         0.000197773
               27450         0.000197953
               27500         0.000198134
               27550         0.000198314
               27600         0.000198493
               27650         0.000198673
               27700         0.000198853
               27750         0.000199032
               27800         0.000199211
               27850          0.00019939
               27900         0.000199569
               27950         0.000199748
               28000         0.000199927
               28050         0.000200105
               28100         0.000200283
               28150         0.000200461
               28200         0.000200639
               28250         0.000200817
               28300         0.000200995
               28350         0.000201172
               28400          0.00020135
               28450         0.000201527
               28500         0.000201704
               28550         0.000201881
               28600         0.000202057
               28650         0.000202234
               28700          0.00020241
               28750         0.000202587
               28800         0.000202763
               28850         0.000202939
               28900         0.000203114
               28950          0.00020329
               29000         0.000203465
               29050         0.000203641
               29100         0.000203816
               29150         0.000203991
               29200         0.000204166
               29250         0.000204341
               29300         0.000204515
               29350          0.00020469
               29400         0.000204864
               29450         0.000205038
               29500         0.000205212
               29550         0.000205386
               29600         0.000205559
               29650         0.000205733
               29700         0.000205906
               29750          0.00020608
               29800         0.000206253
               29850         0.000206426
               29900         0.000206599
               29950         0.000206771
               30000         0.000206944
               30050         0.000207116
               30100         0.000207288
               30150          0.00020746
               30200         0.000207632
               30250         0.000207804
               30300         0.000207976
               30350         0.000208147
               30400         0.000208319
               30450          0.00020849
               30500         0.000208661
               30550         0.000208832
               30600         0.000209003
               30650         0.000209174
               30700         0.000209344
               30750         0.000209515
               30800         0.000209685
               30850         0.000209855
               30900         0.000210025
               30950         0.000210195
               31000         0.000210364
               31050         0.000210534
               31100         0.000210704
               31150         0.000210873
               31200         0.000211042
               31250         0.000211211
               31300          0.00021138
               31350         0.000211549
               31400         0.000211717
               31450         0.000211886
               31500         0.000212054
               31550         0.000212222
               31600         0.000212391
               31650         0.000212558
               31700         0.000212726
               31750         0.000212894
               31800         0.000213062
               31850         0.000213229
               31900         0.000213396
               31950         0.000213563
               32000         0.000213731
               32050         0.000213897
               32100         0.000214064
               32150         0.000214231
               32200         0.000214397
               32250         0.000214564
               32300          0.00021473
               32350         0.000214896
               32400         0.000215062
               32450         0.000215228
               32500         0.000215394
               32550         0.000215559
               32600         0.000215725
               32650          0.00021589
               32700         0.000216056
               32750         0.000216221
               32800         0.000216386
               32850         0.000216551
               32900         0.000216715
               32950          0.00021688
               33000         0.000217044
               33050         0.000217209
               33100         0.000217373
               33150         0.000217537
               33200         0.000217701
               33250         0.000217865
               33300         0.000218029
               33350         0.000218192
               33400         0.000218356
               33450         0.000218519
               33500         0.000218682
               33550         0.000218846
               33600         0.000219009
               33650         0.000219172
               33700         0.000219334
               33750         0.000219497
               33800         0.000219659
               33850         0.000219822
               33900         0.000219984
               33950         0.000220146
               34000         0.000220308
               34050          0.00022047
               34100         0.000220632
               34150         0.000220794
               34200         0.000220955
               34250         0.000221117
               34300         0.000221278
               34350         0.000221439
               34400         0.000221601
               34450         0.000221762
               34500         0.000221922
               34550         0.000222083
               34600         0.000222244
               34650         0.000222404
               34700         0.000222565
               34750         0.000222725
               34800         0.000222885
               34850         0.000223045
               34900         0.000223205
               34950         0.000223365
               35000         0.000223525
               35050         0.000223684
               35100         0.000223844
               35150         0.000224003
               35200         0.000224162
               35250         0.000224322
               35300         0.000224481
               35350          0.00022464
               35400         0.000224798
               35450         0.000224957
               35500         0.000225116
               35550         0.000225274
               35600         0.000225433
               35650         0.000225591
               35700         0.000225749
               35750         0.000225907
               35800         0.000226065
               35850         0.000226223
               35900          0.00022638
               35950         0.000226538
               36000         0.000226695
               36050         0.000226853
               36100          0.00022701
               36150         0.000227167
               36200         0.000227324
               36250         0.000227481
               36300         0.000227638
               36350         0.000227795
               36400         0.000227951
               36450         0.000228108
               36500         0.000228264
               36550         0.000228421
               36600         0.000228577
               36650         0.000228733
               36700         0.000228889
               36750         0.000229045
               36800           0.0002292
               36850         0.000229356
               36900         0.000229512
               36950         0.000229667
               37000         0.000229822
               37050         0.000229978
               37100         0.000230133
               37150         0.000230288
               37200         0.000230443
               37250         0.000230598
               37300         0.000230752
               37350         0.000230907
               37400         0.000231061
               37450         0.000231216
               37500          0.00023137
               37550         0.000231524
               37600         0.000231678
               37650         0.000231832
               37700         0.000231986
               37750          0.00023214
               37800         0.000232294
               37850         0.000232447
               37900         0.000232601
               37950         0.000232754
               38000         0.000232907
               38050         0.000233061
               38100         0.000233214
               38150         0.000233367
               38200          0.00023352
               38250         0.000233672
               38300         0.000233825
               38350         0.000233978
               38400          0.00023413
               38450         0.000234282
               38500         0.000234435
               38550         0.000234587
               38600         0.000234739
               38650         0.000234891
               38700         0.000235043
               38750         0.000235195
               38800         0.000235346
               38850         0.000235498
               38900         0.000235649
               38950         0.000235801
               39000         0.000235952
               39050         0.000236103
               39100         0.000236254
               39150         0.000236405
               39200         0.000236556
               39250         0.000236707
               39300         0.000236858
               39350         0.000237009
               39400         0.000237159
               39450         0.000237309
               39500          0.00023746
               39550          0.00023761
               39600          0.00023776
               39650          0.00023791
               39700          0.00023806
               39750          0.00023821
               39800          0.00023836
               39850          0.00023851
               39900         0.000238659
               39950         0.000238809
               40000         0.000238958
